,0
0,43693
1,43612
2,43567
3,43486
4,43540
5,43756
6,43405
7,43234
8,43378
9,43693
10,43684
11,43333
12,43756
13,42928
14,43477
15,43891
16,43513
17,43729
18,43990
19,43567
20,43477
21,43414
22,44053
23,43657
24,43414
25,43531
26,43531
27,43396
28,44098
29,43540
30,43549
31,43513
32,43324
33,43531
34,43387
35,43315
36,43423
37,43720
38,43207
39,43594
40,43783
41,43576
42,43090
43,44296
44,42946
45,42793
46,43549
47,43486
48,43702
49,44107
50,43432
51,43837
52,43630
53,43126
54,43306
55,43909
56,43468
57,43891
58,43468
59,44251
60,43351
61,43630
62,43756
63,43378
64,43675
65,43441
66,43216
67,43288
68,43909
69,43585
70,43594
71,43792
72,43747
73,43846
74,43576
75,43315
76,43198
77,43657
78,43117
79,44044
80,43927
81,43378
82,43765
83,43216
84,43450
85,43342
86,43729
87,43423
88,43144
89,43585
90,43180
91,43801
92,43738
93,43360
94,43603
95,43567
96,43072
97,43405
98,43054
99,43243
100,43009
101,43162
102,43018
103,44215
104,43990
105,43306
106,43162
107,43117
108,43522
109,43432
110,43729
111,43441
112,43171
113,43891
114,43180
115,43702
116,43729
117,43504
118,43351
119,43720
120,43450
121,43540
122,43558
123,43225
124,43603
125,43360
126,43486
127,43306
128,43657
129,43666
130,43936
131,43819
132,43405
133,44188
134,43513
135,42946
136,43603
137,43810
138,43054
139,43225
140,43801
141,43450
142,43387
143,43252
144,44161
145,43702
146,43963
147,43540
148,43585
149,43279
150,43558
151,43504
152,43450
153,43738
154,43522
155,43072
156,43774
157,43081
158,43729
159,43855
160,43756
161,43648
162,43549
163,42973
164,43981
165,43522
166,43396
167,43117
168,43441
169,43756
170,43207
171,43270
172,43621
173,43342
174,43522
175,43684
176,43846
177,43180
178,42883
179,43243
180,43693
181,43099
182,43270
183,43621
184,43450
185,42802
186,43279
187,43531
188,44008
189,43711
190,43360
191,43864
192,43504
193,42622
194,42730
195,43900
196,43972
197,43261
198,43135
199,43981
200,43387
201,43432
202,43315
203,43432
204,43711
205,43495
206,43774
207,43693
208,43315
209,43972
210,43270
211,43099
212,42964
213,43252
214,43675
215,43423
216,43864
217,44071
218,43972
219,43261
220,43549
221,43324
222,43261
223,43027
224,43414
225,43252
226,43684
227,43108
228,43378
229,43144
230,43297
231,43603
232,43513
233,43855
234,43513
235,43144
236,43477
237,44053
238,43693
239,43585
240,43630
241,43378
242,43675
243,42991
244,43342
245,42694
246,43639
247,43396
248,43135
249,44044
250,43909
251,43477
252,43252
253,43594
254,43549
255,43612
256,43315
257,43063
258,43981
259,43693
260,43171
261,43450
262,43387
263,43342
264,43549
265,43306
266,43756
267,43891
268,43396
269,43063
270,43171
271,44098
272,43963
273,43522
274,43342
275,43027
276,43909
277,43477
278,43387
279,43252
280,43729
281,42820
282,43414
283,43819
284,43171
285,43549
286,43693
287,43351
288,43846
289,43738
290,43738
291,43513
292,43324
293,43360
294,43423
295,43333
296,43432
297,43306
298,43360
299,43522
300,43540
301,43486
302,43135
303,43747
304,43405
305,43702
306,43243
307,44089
308,43828
309,43522
310,43207
311,42955
312,43234
313,43243
314,43549
315,43036
316,43585
317,43576
318,43531
319,43225
320,43558
321,43783
322,43657
323,43666
324,43315
325,43504
326,44035
327,43288
328,43801
329,42892
330,43351
331,43675
332,43891
333,43648
334,43738
335,43459
336,43117
337,43144
338,43261
339,44044
340,43189
341,43261
342,42991
343,43369
344,43333
345,43378
346,43531
347,43432
348,43567
349,43207
350,43549
351,43747
352,43693
353,43576
354,43531
355,43450
356,43819
357,43459
358,44224
359,43567
360,43189
361,43621
362,43378
363,43045
364,44233
365,43234
366,43891
367,43810
368,42973
369,43639
370,43414
371,43270
372,43477
373,43531
374,43225
375,43936
376,43621
377,43234
378,43801
379,43855
380,43594
381,43702
382,43864
383,43648
384,43450
385,43396
386,43252
387,44314
388,44125
389,43558
390,43036
391,43603
392,43117
393,43360
394,43666
395,43639
396,44071
397,43630
398,43315
399,43315
400,43594
401,43207
402,43207
403,44080
404,43549
405,43594
406,43468
407,43216
408,43882
409,43243
410,43495
411,43279
412,43621
413,43567
414,43837
415,43594
416,43855
417,42910
418,43783
419,43675
420,43702
421,43585
422,42937
423,43864
424,43387
425,43549
426,42775
427,44179
428,43963
429,43252
430,43477
431,42991
432,43252
433,43954
434,43603
435,43630
436,43612
437,44053
438,43918
439,43000
440,43711
441,43891
442,43288
443,43621
444,43801
445,43297
446,43495
447,43711
448,43441
449,43756
450,43504
451,43414
452,43432
453,43459
454,43513
455,42901
456,43405
457,44026
458,43459
459,43495
460,43603
461,43243
462,43621
463,43747
464,42550
465,43099
466,43288
467,43756
468,42874
469,43288
470,43495
471,43027
472,43225
473,43450
474,43261
475,43558
476,43783
477,43504
478,43018
479,43144
480,42982
481,42874
482,43333
483,43837
484,42982
485,43594
486,43153
487,43810
488,43711
489,43549
490,43324
491,43864
492,43288
493,44143
494,43252
495,43657
496,43315
497,43144
498,43180
499,43594
500,43153
501,43099
502,43468
503,43684
504,43936
505,43378
506,44008
507,43567
508,43747
509,43684
510,43864
511,43792
512,43306
513,43360
514,43450
515,43270
516,43639
517,43522
518,43720
519,43576
520,43288
521,43423
522,43522
523,43009
524,43909
525,43837
526,43873
527,43531
528,42991
529,43765
530,42964
531,43738
532,43927
533,43612
534,43342
535,43522
536,43459
537,43081
538,43324
539,43360
540,43369
541,43711
542,43261
543,43846
544,42937
545,43414
546,43522
547,44269
548,43558
549,43225
550,43729
551,43432
552,43054
553,43846
554,43171
555,43369
556,43720
557,43810
558,43261
559,43108
560,43783
561,43351
562,43567
563,43351
564,43243
565,43279
566,43738
567,42919
568,43918
569,43504
570,43027
571,43621
572,43612
573,43324
574,43522
575,43540
576,43225
577,43108
578,44017
579,42964
580,43495
581,43414
582,43243
583,43180
584,43297
585,43360
586,43117
587,43594
588,43675
589,42937
590,43603
591,43351
592,43702
593,43576
594,43648
595,43378
596,43585
597,43099
598,43288
599,43513
600,43648
601,43567
602,43360
603,43369
604,43108
605,42766
606,43468
607,43585
608,42946
609,43441
610,43468
611,43738
612,43648
613,43783
614,43306
615,43792
616,43666
617,44035
618,43018
619,43432
620,43567
621,43576
622,43522
623,43360
624,44053
625,43720
626,43027
627,43801
628,42730
629,43504
630,43396
631,43486
632,43081
633,43360
634,43540
635,43666
636,43153
637,43054
638,43540
639,43414
640,43405
641,43243
642,43405
643,43657
644,43495
645,43648
646,43657
647,43513
648,43378
649,43171
650,43459
651,43594
652,44089
653,43306
654,43630
655,43585
656,43072
657,43261
658,43873
659,43999
660,43585
661,42964
662,43135
663,43162
664,43297
665,43576
666,43513
667,43693
668,43144
669,42631
670,44296
671,43531
672,43108
673,43576
674,43324
675,43405
676,43603
677,43378
678,43657
679,43486
680,43810
681,44071
682,43252
683,43171
684,43396
685,43234
686,43423
687,43135
688,43396
689,43009
690,43279
691,43585
692,43441
693,43630
694,43540
695,43405
696,43522
697,42973
698,42514
699,43702
700,43288
701,43477
702,43774
703,43378
704,43693
705,43000
706,43639
707,43711
708,43711
709,42739
710,43450
711,43864
712,43909
713,43594
714,43459
715,44179
716,43270
717,43477
718,43594
719,43234
720,43612
721,43603
722,43846
723,43414
724,43513
725,43171
726,43342
727,43423
728,42901
729,43135
730,43423
731,42955
732,43117
733,43351
734,43315
735,43081
736,43567
737,43396
738,43810
739,43387
740,43612
741,43477
742,43819
743,43486
744,43405
745,43279
746,43414
747,43477
748,42820
749,43468
750,43675
751,44026
752,44314
753,43252
754,43558
755,43180
756,43405
757,43693
758,43234
759,43180
760,43900
761,43747
762,43324
763,43243
764,43018
765,43090
766,43693
767,43594
768,43450
769,43513
770,43207
771,43963
772,43594
773,43216
774,43090
775,43468
776,43657
777,43234
778,43846
779,43540
780,43621
781,43396
782,43162
783,43855
784,43288
785,43567
786,43495
787,43891
788,43306
789,43018
790,43603
791,43378
792,43486
793,43774
794,43378
795,43027
796,43720
797,43990
798,43450
799,43162
800,43756
801,43873
802,43306
803,43693
804,43477
805,44224
806,43045
807,43225
808,43432
809,43468
810,43459
811,43180
812,43495
813,43162
814,43666
815,43531
816,43342
817,43657
818,43657
819,43360
820,43189
821,43324
822,43288
823,43693
824,43522
825,43792
826,43342
827,43720
828,43333
829,43360
830,43369
831,43549
832,43657
833,43414
834,43369
835,42820
836,43468
837,43567
838,43639
839,43927
840,44116
841,43864
842,43459
843,43702
844,42982
845,43675
846,43567
847,43630
848,43342
849,43792
850,43702
851,43792
852,42829
853,43639
854,43234
855,43540
856,43477
857,43711
858,43657
859,43549
860,43450
861,43432
862,43621
863,43108
864,43315
865,43054
866,43693
867,43720
868,43369
869,43252
870,43180
871,42784
872,43432
873,43603
874,43207
875,43711
876,43711
877,43909
878,43693
879,43000
880,43765
881,43729
882,44008
883,43279
884,43603
885,44161
886,43630
887,43162
888,43810
889,43216
890,43423
891,43621
892,43558
893,43234
894,43684
895,44062
896,43594
897,43099
898,43720
899,43351
900,43333
901,43504
902,43432
903,43792
904,43405
905,43234
906,43432
907,43603
908,43243
909,43576
910,43711
911,44098
912,44332
913,43315
914,43000
915,43279
916,43486
917,43153
918,44125
919,43828
920,43513
921,43747
922,43108
923,43576
924,44062
925,44026
926,43612
927,43468
928,43585
929,43189
930,43684
931,43765
932,43927
933,43333
934,43477
935,43810
936,43603
937,43522
938,43909
939,43180
940,43225
941,43450
942,43243
943,43531
944,43972
945,43414
946,43405
947,42937
948,43756
949,43720
950,42802
951,43639
952,43432
953,43639
954,42964
955,43612
956,43459
957,43504
958,43270
959,43711
960,43495
961,43252
962,43045
963,43576
964,43459
965,43666
966,43702
967,43423
968,43297
969,43432
970,43630
971,43549
972,43216
973,43684
974,43324
975,43324
976,43810
977,43630
978,43684
979,43504
980,43468
981,43108
982,43936
983,43144
984,43621
985,43765
986,43360
987,43414
988,43099
989,43819
990,43846
991,43738
992,43423
993,43675
994,43387
995,43711
996,43477
997,44044
998,43594
999,43612
