,0
0,41173
1,41650
2,42082
3,42118
4,41731
5,42037
6,42037
7,41533
8,42181
9,42406
10,41623
11,41749
12,41803
13,41776
14,42307
15,42172
16,42082
17,41695
18,41884
19,41893
20,41956
21,42172
22,42145
23,42262
24,41902
25,41821
26,42154
27,42136
28,41911
29,41533
30,41938
31,41992
32,42046
33,41614
34,41812
35,41965
36,42244
37,41308
38,41947
39,42001
40,41803
41,42217
42,42397
43,42217
44,41398
45,41470
46,41830
47,41425
48,41704
49,41965
50,42163
51,41749
52,41992
53,41938
54,41605
55,41353
56,41911
57,41893
58,42118
59,42244
60,41605
61,41533
62,42280
63,41947
64,42055
65,42244
66,41749
67,41587
68,41497
69,42136
70,42010
71,41641
72,41911
73,42181
74,42307
75,41875
76,42505
77,41776
78,42505
79,41722
80,41659
81,41983
82,42226
83,42262
84,41848
85,41677
86,41776
87,41668
88,41704
89,41947
90,41677
91,42199
92,41344
93,42325
94,42235
95,41434
96,41830
97,41686
98,41803
99,41839
100,42163
101,41821
102,41857
103,41965
104,41704
105,42001
106,41407
107,41965
108,41605
109,41686
110,42334
111,41821
112,41749
113,41920
114,41479
115,41893
116,42091
117,42208
118,41812
119,42217
120,41758
121,41848
122,42109
123,42217
124,41506
125,41821
126,41794
127,42433
128,41992
129,41587
130,41749
131,41722
132,41722
133,41983
134,41956
135,41677
136,41983
137,42136
138,41686
139,42091
140,41407
141,41704
142,42046
143,41578
144,41929
145,41164
146,41596
147,41272
148,41812
149,41983
150,42046
151,41695
152,42226
153,42118
154,41569
155,42028
156,41758
157,41713
158,41947
159,41497
160,41578
161,41623
162,42469
163,41947
164,41776
165,41794
166,42118
167,42181
168,41911
169,41938
170,41857
171,41389
172,41686
173,42019
174,41785
175,42073
176,41929
177,42073
178,41947
179,42001
180,42181
181,42298
182,42154
183,41587
184,41947
185,42001
186,42028
187,41956
188,42226
189,41569
190,41794
191,41281
192,41929
193,41326
194,41812
195,42307
196,41920
197,41623
198,41524
199,41893
200,41452
201,42118
202,41956
203,41956
204,41848
205,41326
206,42136
207,41848
208,42064
209,42370
210,41803
211,41569
212,41641
213,41911
214,42091
215,42055
216,41875
217,41965
218,41776
219,41506
220,41983
221,42100
222,41812
223,42046
224,41830
225,42181
226,41632
227,41209
228,41542
229,41893
230,42055
231,41740
232,42100
233,41740
234,41974
235,41686
236,41947
237,41623
238,41902
239,41857
240,42109
241,41794
242,41947
243,41461
244,41758
245,41902
246,42478
247,41911
248,42091
249,41758
250,41992
251,41938
252,41650
253,41758
254,41893
255,42019
256,41812
257,41353
258,41812
259,41677
260,41425
261,42361
262,41758
263,42145
264,42163
265,41857
266,41956
267,41623
268,41731
269,41317
270,41731
271,41785
272,41560
273,41974
274,41722
275,42064
276,42334
277,41686
278,41803
279,41839
280,41794
281,41524
282,41677
283,41695
284,42028
285,41542
286,41965
287,41821
288,41578
289,41983
290,41722
291,41911
292,41839
293,41740
294,41974
295,42271
296,41731
297,42217
298,41992
299,41659
300,42190
301,41848
302,42010
303,41911
304,42064
305,42226
306,41794
307,41650
308,41902
309,42010
310,41938
311,41911
312,42010
313,42136
314,41884
315,41875
316,41605
317,41992
318,41830
319,42145
320,42262
321,42289
322,41767
323,42091
324,41560
325,41812
326,41434
327,42001
328,41821
329,41794
330,42469
331,41830
332,42307
333,41803
334,42172
335,41929
336,41839
337,41893
338,41956
339,41740
340,42181
341,41704
342,41785
343,42028
344,42136
345,42163
346,41929
347,42082
348,42091
349,41947
350,41605
351,41668
352,42037
353,42091
354,42208
355,42001
356,41569
357,41758
358,41695
359,41731
360,42037
361,41470
362,41704
363,41983
364,42280
365,42307
366,41857
367,42046
368,41920
369,41740
370,42154
371,41785
372,41623
373,42010
374,41794
375,42415
376,42136
377,42127
378,42181
379,41929
380,41803
381,41569
382,41434
383,42325
384,41740
385,42109
386,41614
387,41893
388,41812
389,41920
390,41830
391,41884
392,42217
393,42127
394,41524
395,41722
396,41542
397,41740
398,41821
399,42208
400,41965
401,41830
402,42235
403,41803
404,42181
405,41668
406,41821
407,41938
408,41632
409,41866
410,41938
411,41803
412,41506
413,41767
414,42010
415,41767
416,41821
417,41722
418,41488
419,42037
420,41785
421,42010
422,41947
423,41857
424,41902
425,41587
426,42145
427,41803
428,42091
429,41911
430,41866
431,41713
432,41848
433,41929
434,41605
435,42298
436,42190
437,41929
438,42442
439,42010
440,41965
441,42082
442,41551
443,41884
444,41956
445,41875
446,41776
447,42316
448,41695
449,41416
450,41974
451,42136
452,41983
453,41938
454,41758
455,41632
456,41911
457,41920
458,41776
459,41623
460,42064
461,42019
462,41722
463,41623
464,41947
465,42505
466,42190
467,42136
468,41857
469,41920
470,41830
471,41956
472,41821
473,41713
474,41812
475,41596
476,41866
477,42028
478,41875
479,41830
480,41686
481,42262
482,42073
483,41947
484,42370
485,42154
486,41479
487,42271
488,41812
489,41803
490,41983
491,41650
492,41551
493,41695
494,42442
495,41857
496,41866
497,42010
498,41974
499,41902
500,41632
501,42262
502,41911
503,41866
504,41488
505,41965
506,41623
507,42370
508,41956
509,41821
510,42001
511,41776
512,42334
513,42334
514,42136
515,42163
516,41479
517,41974
518,42271
519,41893
520,42046
521,42091
522,42010
523,41902
524,41974
525,41632
526,41668
527,42226
528,42136
529,41731
530,41461
531,41947
532,42280
533,42118
534,41605
535,41461
536,42334
537,42046
538,42370
539,42181
540,42001
541,41965
542,41452
543,42532
544,42091
545,41857
546,41812
547,41812
548,41767
549,42028
550,41803
551,42190
552,41902
553,42001
554,41848
555,41848
556,42289
557,41731
558,41263
559,41929
560,42118
561,42145
562,42496
563,41776
564,41767
565,41695
566,42379
567,41911
568,41839
569,42028
570,41911
571,41632
572,42316
573,41551
574,42325
575,41848
576,41578
577,41857
578,41974
579,42046
580,42055
581,42091
582,41740
583,41911
584,42154
585,42100
586,41173
587,41299
588,41866
589,41983
590,41974
591,41713
592,41668
593,42145
594,42064
595,41965
596,42010
597,41740
598,41695
599,42091
600,41866
601,41983
602,41893
603,42010
604,41857
605,42154
606,41911
607,41848
608,41497
609,42217
610,42469
611,42235
612,41785
613,42118
614,41785
615,42100
616,41722
617,41866
618,41767
619,41713
620,41641
621,41542
622,41776
623,41587
624,42019
625,41866
626,41866
627,41866
628,41875
629,41893
630,41893
631,41812
632,41929
633,42064
634,41875
635,42028
636,41983
637,42109
638,41983
639,41902
640,42091
641,41974
642,42307
643,41911
644,41992
645,41794
646,41614
647,41830
648,42280
649,42226
650,41659
651,41614
652,42100
653,42046
654,41497
655,42037
656,42289
657,41704
658,42001
659,41911
660,42343
661,42244
662,42154
663,41902
664,42091
665,41713
666,42019
667,42091
668,41947
669,41902
670,42082
671,41830
672,42352
673,42208
674,41992
675,41830
676,42154
677,42019
678,42190
679,42073
680,41812
681,42352
682,41695
683,41866
684,41902
685,42226
686,42172
687,41992
688,42064
689,41884
690,42001
691,41542
692,41965
693,42145
694,41920
695,41947
696,42055
697,42235
698,41587
699,41947
700,42118
701,41767
702,42208
703,41425
704,42037
705,42244
706,41785
707,41641
708,42334
709,41695
710,41740
711,41533
712,41785
713,42046
714,41767
715,41740
716,41857
717,42226
718,42181
719,42046
720,42271
721,41686
722,41407
723,41722
724,41515
725,41425
726,41902
727,41839
728,41398
729,42460
730,41767
731,41749
732,41695
733,41911
734,42100
735,41515
736,42037
737,42235
738,41839
739,41920
740,42181
741,42136
742,42100
743,41605
744,41929
745,42154
746,41938
747,41641
748,42298
749,41902
750,41479
751,42235
752,41992
753,42064
754,41515
755,41938
756,42037
757,42028
758,41452
759,41902
760,42001
761,42082
762,42010
763,42271
764,41614
765,42073
766,42307
767,41605
768,41686
769,41677
770,42127
771,41569
772,42271
773,42046
774,41353
775,41758
776,41857
777,41533
778,41776
779,41605
780,41470
781,41812
782,42172
783,41839
784,41398
785,41947
786,42073
787,41488
788,41983
789,41551
790,41974
791,41992
792,42280
793,41731
794,41839
795,41974
796,41722
797,41749
798,41857
799,41758
800,41821
801,41821
802,42280
803,41641
804,41605
805,41488
806,41920
807,41812
808,41812
809,41893
810,41488
811,41983
812,42019
813,41749
814,41947
815,41956
816,41515
817,41776
818,41902
819,42118
820,41587
821,42217
822,41668
823,41731
824,41956
825,42136
826,42262
827,42262
828,42154
829,41884
830,41938
831,41515
832,41785
833,41866
834,42010
835,42379
836,41884
837,42028
838,41425
839,41533
840,41614
841,41722
842,41749
843,41983
844,42046
845,41938
846,42064
847,41992
848,41911
849,42163
850,41749
851,41632
852,42154
853,42082
854,41983
855,41776
856,41920
857,41911
858,41362
859,41857
860,41803
861,41677
862,42442
863,41551
864,41911
865,41515
866,42028
867,42037
868,41812
869,41794
870,42145
871,41803
872,41812
873,42208
874,41641
875,42154
876,41893
877,41821
878,41470
879,41497
880,42181
881,41803
882,42163
883,41785
884,41713
885,41857
886,42019
887,41821
888,41956
889,42298
890,41542
891,41938
892,41794
893,41902
894,41992
895,42082
896,41533
897,41704
898,41848
899,41704
900,41569
901,42055
902,41884
903,41938
904,42001
905,41695
906,41749
907,41722
908,42163
909,42010
910,42514
911,41803
912,42010
913,41425
914,42028
915,41956
916,42064
917,42136
918,41650
919,41839
920,42091
921,41785
922,41857
923,41686
924,41785
925,41839
926,41515
927,41902
928,42343
929,41803
930,41857
931,41470
932,41830
933,42190
934,41542
935,42154
936,42046
937,41821
938,42613
939,41794
940,41749
941,42199
942,41965
943,42100
944,42253
945,41839
946,41983
947,42001
948,41623
949,41614
950,41866
951,41452
952,42100
953,42343
954,41830
955,42064
956,42073
957,41848
958,41929
959,41893
960,41668
961,41722
962,41794
963,41506
964,41875
965,41983
966,42307
967,41569
968,41992
969,42010
970,41983
971,41695
972,41983
973,41641
974,42028
975,41722
976,41830
977,41857
978,42478
979,41929
980,42100
981,41920
982,42037
983,42316
984,41740
985,41929
986,41821
987,41344
988,41848
989,41830
990,42019
991,41632
992,41938
993,42469
994,41785
995,41497
996,41875
997,42091
998,42145
999,41992
