,0
0,38041
1,38716
2,38860
3,38644
4,38257
5,38842
6,38599
7,38599
8,38554
9,38725
10,38365
11,38410
12,38842
13,38815
14,38374
15,38752
16,38473
17,38599
18,38356
19,38185
20,38689
21,38644
22,38554
23,38428
24,38590
25,38509
26,38635
27,38545
28,38788
29,38554
30,38734
31,38347
32,38176
33,38518
34,38698
35,38392
36,38518
37,38707
38,38554
39,39058
40,38851
41,38770
42,38806
43,38455
44,38869
45,38995
46,38239
47,38131
48,38761
49,38599
50,38572
51,38941
52,38653
53,38536
54,38995
55,38311
56,38527
57,38896
58,38752
59,38680
60,38860
61,39004
62,38536
63,38275
64,38851
65,38662
66,38950
67,38977
68,38689
69,38473
70,38860
71,38815
72,38734
73,38887
74,39040
75,38653
76,38671
77,38545
78,38698
79,38851
80,38662
81,38554
82,38518
83,38824
84,38500
85,38662
86,38608
87,38356
88,38689
89,38869
90,38581
91,38590
92,38797
93,38662
94,38311
95,38815
96,38887
97,38932
98,38563
99,38581
100,38500
101,38914
102,38635
103,38716
104,38851
105,38959
106,38653
107,38509
108,38509
109,38302
110,38329
111,38446
112,38725
113,38887
114,38428
115,38725
116,38545
117,38914
118,38599
119,38500
120,38977
121,38950
122,38482
123,38905
124,38671
125,38491
126,38554
127,38878
128,38527
129,38869
130,38671
131,38734
132,38482
133,38968
134,38977
135,38500
136,38707
137,38788
138,38851
139,38617
140,38698
141,38833
142,38761
143,38707
144,38716
145,38824
146,38446
147,38707
148,38977
149,38365
150,38563
151,38572
152,38293
153,38653
154,38410
155,39004
156,38725
157,38635
158,38725
159,38743
160,38644
161,38977
162,38914
163,38473
164,38995
165,38563
166,38635
167,38644
168,38932
169,38149
170,38473
171,38581
172,38437
173,38005
174,38635
175,38662
176,38878
177,38401
178,38707
179,38428
180,38590
181,38293
182,38734
183,38518
184,38167
185,38743
186,38635
187,38410
188,38689
189,38554
190,38662
191,38230
192,38536
193,38689
194,38797
195,38752
196,38671
197,39121
198,38797
199,38797
200,38887
201,38635
202,38923
203,38959
204,38977
205,38959
206,38770
207,39031
208,38932
209,39067
210,38680
211,38581
212,38788
213,38716
214,38914
215,38761
216,38833
217,38545
218,38743
219,38554
220,38896
221,38383
222,38455
223,38725
224,38212
225,38500
226,38680
227,38653
228,38815
229,38725
230,38932
231,38554
232,38941
233,38770
234,38563
235,38815
236,38851
237,38743
238,38599
239,38545
240,38698
241,38599
242,38770
243,38896
244,38941
245,38374
246,38527
247,38797
248,38887
249,38968
250,39085
251,38680
252,38572
253,38680
254,38230
255,38986
256,38509
257,38491
258,38716
259,38509
260,38608
261,38932
262,38446
263,38464
264,38824
265,38446
266,38671
267,38860
268,38689
269,38482
270,38743
271,38680
272,38545
273,38896
274,38680
275,38338
276,38761
277,38797
278,38644
279,38500
280,38986
281,38779
282,38653
283,38509
284,38869
285,39040
286,38752
287,38365
288,38689
289,38608
290,38878
291,38536
292,38914
293,38437
294,38662
295,38554
296,38707
297,38644
298,38725
299,38302
300,38824
301,38419
302,38734
303,38950
304,38869
305,38986
306,39022
307,38671
308,39004
309,38806
310,38554
311,38869
312,38941
313,38374
314,38383
315,39094
316,38860
317,38419
318,38410
319,38644
320,39004
321,38554
322,38860
323,38608
324,38581
325,38500
326,38716
327,38599
328,38653
329,38302
330,38383
331,38689
332,38896
333,38707
334,38212
335,38590
336,38671
337,38518
338,38896
339,38284
340,38662
341,38473
342,38734
343,38554
344,38365
345,38581
346,38815
347,38716
348,38527
349,38446
350,38068
351,38950
352,38716
353,38554
354,38887
355,38653
356,38284
357,38707
358,38644
359,38428
360,38797
361,38626
362,38635
363,38752
364,38500
365,38428
366,38869
367,38950
368,38986
369,38599
370,38806
371,38491
372,38788
373,38536
374,38644
375,38599
376,38887
377,38806
378,38626
379,38455
380,39031
381,38644
382,39067
383,38689
384,38428
385,38653
386,38374
387,38212
388,38725
389,38824
390,38545
391,38689
392,38536
393,38581
394,38608
395,38428
396,38914
397,38905
398,38896
399,38851
400,38698
401,38374
402,38653
403,38941
404,38410
405,38527
406,38752
407,38635
408,38824
409,38779
410,38644
411,38815
412,38608
413,38626
414,38878
415,38833
416,38455
417,38995
418,38752
419,38347
420,38554
421,38536
422,38923
423,38572
424,38698
425,38797
426,38842
427,38482
428,38662
429,39013
430,38437
431,38905
432,38518
433,38554
434,38473
435,38860
436,38680
437,38563
438,38941
439,38563
440,38770
441,38761
442,38986
443,38365
444,38689
445,38752
446,38671
447,38599
448,38464
449,38977
450,38860
451,38590
452,38527
453,38851
454,38941
455,38518
456,38977
457,38725
458,38824
459,38239
460,38824
461,38860
462,38842
463,38572
464,38527
465,38689
466,38563
467,38752
468,38626
469,38869
470,38950
471,38437
472,38572
473,38437
474,38905
475,38266
476,38599
477,38581
478,38635
479,38392
480,38608
481,38617
482,38707
483,38185
484,38554
485,38383
486,38518
487,38419
488,38761
489,38500
490,38959
491,39067
492,38230
493,38779
494,38689
495,38590
496,38527
497,38968
498,38257
499,38932
500,38734
501,38554
502,38446
503,38788
504,38509
505,38734
506,38815
507,38635
508,38374
509,38680
510,38536
511,38905
512,38644
513,38995
514,38572
515,38959
516,38599
517,38680
518,38779
519,38896
520,38869
521,38401
522,38797
523,39040
524,38491
525,38428
526,39013
527,38896
528,38518
529,38860
530,38689
531,38680
532,38914
533,38527
534,38590
535,38914
536,38752
537,38401
538,38698
539,38986
540,38590
541,38662
542,38842
543,38527
544,38491
545,38662
546,39004
547,38698
548,38977
549,38248
550,38536
551,38563
552,38437
553,38752
554,38563
555,38464
556,38374
557,38752
558,38824
559,38626
560,38824
561,38302
562,39166
563,38104
564,38536
565,38779
566,38311
567,38527
568,38707
569,38968
570,38572
571,38851
572,38464
573,38977
574,38509
575,38464
576,38698
577,38572
578,38707
579,38824
580,38896
581,38923
582,38275
583,38536
584,37861
585,38950
586,39067
587,38554
588,38572
589,38581
590,39112
591,38482
592,38851
593,38617
594,38608
595,38167
596,38293
597,38887
598,38914
599,38770
600,38923
601,38518
602,38302
603,38230
604,38815
605,38914
606,38851
607,38761
608,38734
609,38725
610,38815
611,38554
612,38986
613,38860
614,38617
615,38716
616,38293
617,38482
618,38545
619,38347
620,38833
621,38671
622,38599
623,38950
624,38941
625,38689
626,38590
627,38644
628,38662
629,39040
630,39121
631,38680
632,38644
633,38914
634,38869
635,38500
636,38698
637,38671
638,38770
639,38905
640,38419
641,38689
642,38329
643,38635
644,38446
645,38752
646,38716
647,38320
648,38734
649,38797
650,38887
651,38878
652,38509
653,38617
654,38707
655,38581
656,38437
657,39103
658,38833
659,38761
660,38635
661,38572
662,38473
663,38626
664,38662
665,38716
666,38887
667,38671
668,38536
669,38383
670,38509
671,38842
672,38500
673,39103
674,38842
675,38770
676,38392
677,38761
678,39238
679,38779
680,38581
681,38950
682,38968
683,38608
684,38644
685,38842
686,38581
687,39058
688,38626
689,38617
690,38968
691,38743
692,38689
693,38356
694,38869
695,38743
696,38986
697,38662
698,38743
699,38680
700,38527
701,38410
702,38626
703,38554
704,38644
705,38635
706,39103
707,38545
708,38752
709,38383
710,38563
711,38815
712,38347
713,38806
714,38563
715,38617
716,38779
717,38716
718,38779
719,39004
720,38518
721,38599
722,38518
723,39031
724,38770
725,38761
726,38887
727,38437
728,38572
729,38788
730,38725
731,38725
732,38869
733,38896
734,38734
735,38959
736,38626
737,38878
738,38869
739,38041
740,38878
741,38617
742,38491
743,38626
744,38950
745,38320
746,38401
747,38815
748,38860
749,38707
750,39013
751,38950
752,38662
753,38554
754,39067
755,38644
756,38671
757,38860
758,38698
759,38626
760,38725
761,38887
762,39112
763,39040
764,38590
765,38626
766,38950
767,38716
768,38590
769,38338
770,38617
771,38761
772,38995
773,38590
774,38815
775,38770
776,38518
777,38410
778,38977
779,38563
780,38869
781,38968
782,38473
783,38932
784,38941
785,38590
786,38959
787,38914
788,38833
789,38248
790,38833
791,38536
792,38599
793,38770
794,38869
795,38572
796,38626
797,38401
798,38626
799,38563
800,38518
801,38509
802,38554
803,38824
804,38599
805,38347
806,38752
807,38851
808,38284
809,38644
810,38599
811,38896
812,38932
813,38950
814,38662
815,38833
816,38653
817,38833
818,38302
819,39121
820,38185
821,39040
822,38941
823,38959
824,39112
825,38698
826,38941
827,38986
828,38923
829,38932
830,38194
831,38743
832,38482
833,38554
834,38356
835,38608
836,38338
837,38284
838,38545
839,38698
840,38320
841,38563
842,38698
843,38554
844,38788
845,39103
846,38527
847,38977
848,38743
849,38698
850,38293
851,38653
852,38518
853,38617
854,38158
855,38977
856,38230
857,38509
858,38779
859,38797
860,39103
861,38653
862,38410
863,38770
864,38914
865,38536
866,38554
867,38743
868,38752
869,38923
870,38887
871,38959
872,39058
873,38896
874,38410
875,38878
876,38680
877,38239
878,38716
879,38923
880,38545
881,38914
882,38842
883,38896
884,38995
885,38527
886,38833
887,38644
888,38815
889,38689
890,39004
891,38491
892,38221
893,38761
894,38275
895,38770
896,38761
897,38824
898,38869
899,38365
900,38869
901,38671
902,38662
903,38509
904,38725
905,38554
906,38392
907,38635
908,38644
909,38500
910,38302
911,38500
912,38644
913,38329
914,38986
915,38653
916,38770
917,38806
918,38536
919,38608
920,38311
921,38743
922,38995
923,38986
924,38527
925,38680
926,38149
927,38527
928,38671
929,38410
930,38509
931,38896
932,38977
933,38509
934,38968
935,38626
936,38311
937,38635
938,38563
939,38707
940,38896
941,38842
942,38572
943,38734
944,38410
945,38644
946,38590
947,38959
948,38599
949,38563
950,38464
951,38914
952,38869
953,38311
954,38851
955,38968
956,38347
957,38932
958,38797
959,38581
960,38383
961,38869
962,38392
963,38527
964,38995
965,38527
966,38761
967,38716
968,38842
969,38842
970,38563
971,38824
972,38347
973,38680
974,38680
975,38356
976,38410
977,38392
978,38941
979,38770
980,38878
981,38518
982,38896
983,38698
984,38572
985,38941
986,38581
987,38419
988,38572
989,38347
990,38869
991,38437
992,38509
993,38851
994,38311
995,38563
996,38869
997,38482
998,38338
999,38698
