,0
0,36853
1,36520
2,37618
3,37114
4,37069
5,37690
6,37645
7,38122
8,37708
9,38446
10,37249
11,36286
12,37177
13,36817
14,36178
15,37168
16,37771
17,37141
18,37987
19,37789
20,37132
21,37222
22,36403
23,37195
24,36736
25,37825
26,37096
27,36718
28,37258
29,37582
30,38797
31,37618
32,37681
33,38374
34,37609
35,37366
36,37744
37,37771
38,38950
39,37240
40,38239
41,38014
42,37051
43,37357
44,36700
45,37186
46,36781
47,36061
48,37942
49,39094
50,38185
51,37996
52,37105
53,37384
54,37384
55,38464
56,36421
57,36817
58,37249
59,36700
60,37546
61,37825
62,36610
63,37591
64,37267
65,37582
66,37303
67,37600
68,39346
69,36601
70,38203
71,37510
72,37789
73,40435
74,40084
75,37546
76,36934
77,37546
78,37879
79,37447
80,37303
81,37483
82,37798
83,36763
84,37942
85,36547
86,38167
87,37141
88,38932
89,38563
90,36961
91,37384
92,38230
93,36934
94,38977
95,38437
96,36619
97,37276
98,36916
99,37402
