,0
0,36412
1,37330
2,36763
3,37726
4,36952
5,36655
6,37852
7,38185
8,37573
9,36511
10,37807
11,38320
12,36466
13,36655
14,37726
15,37771
16,37393
17,37276
18,36430
19,37492
20,37636
21,36844
22,37258
23,36862
24,37492
25,37411
26,36520
27,36709
28,37861
29,36799
30,36439
31,36853
32,36304
33,37771
34,38068
35,37402
36,37861
37,37474
38,36583
39,37150
40,36763
41,38122
42,36754
43,36547
44,36655
45,37285
46,36781
47,36889
48,36907
49,36979
50,37285
51,36322
52,36997
53,36646
54,37294
55,37690
56,38248
57,36574
58,36673
59,37132
60,37663
61,36844
62,37276
63,37312
64,37096
65,37726
66,36007
67,37627
68,37339
69,37195
70,36700
71,37744
72,36574
73,37672
74,36322
75,37375
76,37690
77,38644
78,37555
79,37906
80,36385
81,36421
82,36889
83,37735
84,37618
85,38284
86,37240
87,37537
88,37060
89,36709
90,37780
91,37339
92,36133
93,37258
94,38563
95,37888
96,37456
97,36979
98,37762
99,37213
