,0
0,37060
1,36097
2,37645
3,36502
4,35575
5,35134
6,35152
7,34882
8,35350
9,35035
10,37906
11,38833
12,34558
13,35683
14,34639
15,36493
16,36556
17,35629
18,35233
19,36574
20,36232
21,35593
22,36601
23,35269
24,34684
25,36646
26,35692
27,35737
28,36277
29,34477
30,35179
31,35917
32,35386
33,35341
34,36745
35,35647
36,36529
37,36025
38,37033
39,36079
40,35818
41,36124
42,35026
43,33964
44,36241
45,36304
46,35890
47,36709
48,35620
49,35566
50,35323
51,35341
52,34594
53,34135
54,35323
55,35485
56,35566
57,34918
58,35737
59,35332
60,34639
61,36115
62,35656
63,36313
64,35350
65,35782
66,35566
67,34621
68,36079
69,35494
70,35602
71,35845
72,34999
73,35962
74,36376
75,35350
76,36574
77,35593
78,36385
79,36421
80,36007
81,35692
82,36700
83,35224
84,37132
85,35584
86,35449
87,35359
88,35818
89,34846
90,35341
91,35296
92,36475
93,35728
94,36439
95,36331
96,36133
97,34981
98,35107
99,34918
