,0
0,42406
1,42406
2,42406
3,42406
4,42406
5,42406
6,42406
7,42406
8,42406
9,42406
10,42406
11,42406
12,42406
13,42406
14,42406
15,42406
16,42406
17,42406
18,42406
19,42406
20,42406
21,42406
22,42406
23,42406
24,42406
25,42406
26,42406
27,42406
28,42406
29,42406
30,42406
31,42406
32,42406
33,42406
34,42406
35,42406
36,42406
37,42406
38,42406
39,42406
40,42406
41,42406
42,42406
43,42406
44,42406
45,42406
46,42406
47,42406
48,42406
49,42406
50,42406
51,42406
52,42406
53,42406
54,42406
55,42406
56,42406
57,42406
58,42406
59,42406
60,42406
61,42406
62,42406
63,42406
64,42406
65,42406
66,42406
67,42406
68,42406
69,42406
70,42406
71,42406
72,42406
73,42406
74,42406
75,42406
76,42406
77,42406
78,42406
79,42406
80,42406
81,42406
82,42406
83,42406
84,42406
85,42406
86,42406
87,42406
88,42406
89,42406
90,42406
91,42406
92,42406
93,42406
94,42406
95,42406
96,42406
97,42406
98,42406
99,42406
100,42406
101,42406
102,42406
103,42406
104,42406
105,42406
106,42406
107,42406
108,42406
109,42406
110,42406
111,42406
112,42406
113,42406
114,42406
115,42406
116,42406
117,42406
118,42406
119,42406
120,42406
121,42406
122,42406
123,42406
124,42406
125,42406
126,42406
127,42406
128,42406
129,42406
130,42406
131,42406
132,42406
133,42406
134,42406
135,42406
136,42406
137,42406
138,42406
139,42406
140,42406
141,42406
142,42406
143,42406
144,42406
145,42406
146,42406
147,42406
148,42406
149,42406
150,42406
151,42406
152,42406
153,42406
154,42406
155,42406
156,42406
157,42406
158,42406
159,42406
160,42406
161,42406
162,42406
163,42406
164,42406
165,42406
166,42406
167,42406
168,42406
169,42406
170,42406
171,42406
172,42406
173,42406
174,42406
175,42406
176,42406
177,42406
178,42406
179,42406
180,42406
181,42406
182,42406
183,42406
184,42406
185,42406
186,42406
187,42406
188,42406
189,42406
190,42406
191,42406
192,42406
193,42406
194,42406
195,42406
196,42406
197,42406
198,42406
199,42406
200,42406
201,42406
202,42406
203,42406
204,42406
205,42406
206,42406
207,42406
208,42406
209,42406
210,42406
211,42406
212,42406
213,42406
214,42406
215,42406
216,42406
217,42406
218,42406
219,42406
220,42406
221,42406
222,42406
223,42406
224,42406
225,42406
226,42406
227,42406
228,42406
229,42406
230,42406
231,42406
232,42406
233,42406
234,42406
235,42406
236,42406
237,42406
238,42406
239,42406
240,42406
241,42406
242,42406
243,42406
244,42406
245,42406
246,42406
247,42406
248,42406
249,42406
250,42406
251,42406
252,42406
253,42406
254,42406
255,42406
256,42406
257,42406
258,42406
259,42406
260,42406
261,42406
262,42406
263,42406
264,42406
265,42406
266,42406
267,42406
268,42406
269,42406
270,42406
271,42406
272,42406
273,42406
274,42406
275,42406
276,42406
277,42406
278,42406
279,42406
280,42406
281,42406
282,42406
283,42406
284,42406
285,42406
286,42406
287,42406
288,42406
289,42406
290,42406
291,42406
292,42406
293,42406
294,42406
295,42406
296,42406
297,42406
298,42406
299,42406
300,42406
301,42406
302,42406
303,42406
304,42406
305,42406
306,42406
307,42406
308,42406
309,42406
310,42406
311,42406
312,42406
313,42406
314,42406
315,42406
316,42406
317,42406
318,42406
319,42406
320,42406
321,42406
322,42406
323,42406
324,42406
325,42406
326,42406
327,42406
328,42406
329,42406
330,42406
331,42406
332,42406
333,42406
334,42406
335,42406
336,42406
337,42406
338,42406
339,42406
340,42406
341,42406
342,42406
343,42406
344,42406
345,42406
346,42406
347,42406
348,42406
349,42406
350,42406
351,42406
352,42406
353,42406
354,42406
355,42406
356,42406
357,42406
358,42406
359,42406
360,42406
361,42406
362,42406
363,42406
364,42406
365,42406
366,42406
367,42406
368,42406
369,42406
370,42406
371,42406
372,42406
373,42406
374,42406
375,42406
376,42406
377,42406
378,42406
379,42406
380,42406
381,42406
382,42406
383,42406
384,42406
385,42406
386,42406
387,42406
388,42406
389,42406
390,42406
391,42406
392,42406
393,42406
394,42406
395,42406
396,42406
397,42406
398,42406
399,42406
400,42406
401,42406
402,42406
403,42406
404,42406
405,42406
406,42406
407,42406
408,42406
409,42406
410,42406
411,42406
412,42406
413,42406
414,42406
415,42406
416,42406
417,42406
418,42406
419,42406
420,42406
421,42406
422,42406
423,42406
424,42406
425,42406
426,42406
427,42406
428,42406
429,42406
430,42406
431,42406
432,42406
433,42406
434,42406
435,42406
436,42406
437,42406
438,42406
439,42406
440,42406
441,42406
442,42406
443,42406
444,42406
445,42406
446,42406
447,42406
448,42406
449,42406
450,42406
451,42406
452,42406
453,42406
454,42406
455,42406
456,42406
457,42406
458,42406
459,42406
460,42406
461,42406
462,42406
463,42406
464,42406
465,42406
466,42406
467,42406
468,42406
469,42406
470,42406
471,42406
472,42406
473,42406
474,42406
475,42406
476,42406
477,42406
478,42406
479,42406
480,42406
481,42406
482,42406
483,42406
484,42406
485,42406
486,42406
487,42406
488,42406
489,42406
490,42406
491,42406
492,42406
493,42406
494,42406
495,42406
496,42406
497,42406
498,42406
499,42406
500,42406
501,42406
502,42406
503,42406
504,42406
505,42406
506,42406
507,42406
508,42406
509,42406
510,42406
511,42406
512,42406
513,42406
514,42406
515,42406
516,42406
517,42406
518,42406
519,42406
520,42406
521,42406
522,42406
523,42406
524,42406
525,42406
526,42406
527,42406
528,42406
529,42406
530,42406
531,42406
532,42406
533,42406
534,42406
535,42406
536,42406
537,42406
538,42406
539,42406
540,42406
541,42406
542,42406
543,42406
544,42406
545,42406
546,42406
547,42406
548,42406
549,42406
550,42406
551,42406
552,42406
553,42406
554,42406
555,42406
556,42406
557,42406
558,42406
559,42406
560,42406
561,42406
562,42406
563,42406
564,42406
565,42406
566,42406
567,42406
568,42406
569,42406
570,42406
571,42406
572,42406
573,42406
574,42406
575,42406
576,42406
577,42406
578,42406
579,42406
580,42406
581,42406
582,42406
583,42406
584,42406
585,42406
586,42406
587,42406
588,42406
589,42406
590,42406
591,42406
592,42406
593,42406
594,42406
595,42406
596,42406
597,42406
598,42406
599,42406
600,42406
601,42406
602,42406
603,42406
604,42406
605,42406
606,42406
607,42406
608,42406
609,42406
610,42406
611,42406
612,42406
613,42406
614,42406
615,42406
616,42406
617,42406
618,42406
619,42406
620,42406
621,42406
622,42406
623,42406
624,42406
625,42406
626,42406
627,42406
628,42406
629,42406
630,42406
631,42406
632,42406
633,42406
634,42406
635,42406
636,42406
637,42406
638,42406
639,42406
640,42406
641,42406
642,42406
643,42406
644,42406
645,42406
646,42406
647,42406
648,42406
649,42406
650,42406
651,42406
652,42406
653,42406
654,42406
655,42406
656,42406
657,42406
658,42406
659,42406
660,42406
661,42406
662,42406
663,42406
664,42406
665,42406
666,42406
667,42406
668,42406
669,42406
670,42406
671,42406
672,42406
673,42406
674,42406
675,42406
676,42406
677,42406
678,42406
679,42406
680,42406
681,42406
682,42406
683,42406
684,42406
685,42406
686,42406
687,42406
688,42406
689,42406
690,42406
691,42406
692,42406
693,42406
694,42406
695,42406
696,42406
697,42406
698,42406
699,42406
700,42406
701,42406
702,42406
703,42406
704,42406
705,42406
706,42406
707,42406
708,42406
709,42406
710,42406
711,42406
712,42406
713,42406
714,42406
715,42406
716,42406
717,42406
718,42406
719,42406
720,42406
721,42406
722,42406
723,42406
724,42406
725,42406
726,42406
727,42406
728,42406
729,42406
730,42406
731,42406
732,42406
733,42406
734,42406
735,42406
736,42406
737,42406
738,42406
739,42406
740,42406
741,42406
742,42406
743,42406
744,42406
745,42406
746,42406
747,42406
748,42406
749,42406
750,42406
751,42406
752,42406
753,42406
754,42406
755,42406
756,42406
757,42406
758,42406
759,42406
760,42406
761,42406
762,42406
763,42406
764,42406
765,42406
766,42406
767,42406
768,42406
769,42406
770,42406
771,42406
772,42406
773,42406
774,42406
775,42406
776,42406
777,42406
778,42406
779,42406
780,42406
781,42406
782,42406
783,42406
784,42406
785,42406
786,42406
787,42406
788,42406
789,42406
790,42406
791,42406
792,42406
793,42406
794,42406
795,42406
796,42406
797,42406
798,42406
799,42406
800,42406
801,42406
802,42406
803,42406
804,42406
805,42406
806,42406
807,42406
808,42406
809,42406
810,42406
811,42406
812,42406
813,42406
814,42406
815,42406
816,42406
817,42406
818,42406
819,42406
820,42406
821,42406
822,42406
823,42406
824,42406
825,42406
826,42406
827,42406
828,42406
829,42406
830,42406
831,42406
832,42406
833,42406
834,42406
835,42406
836,42406
837,42406
838,42406
839,42406
840,42406
841,42406
842,42406
843,42406
844,42406
845,42406
846,42406
847,42406
848,42406
849,42406
850,42406
851,42406
852,42406
853,42406
854,42406
855,42406
856,42406
857,42406
858,42406
859,42406
860,42406
861,42406
862,42406
863,42406
864,42406
865,42406
866,42406
867,42406
868,42406
869,42406
870,42406
871,42406
872,42406
873,42406
874,42406
875,42406
876,42406
877,42406
878,42406
879,42406
880,42406
881,42406
882,42406
883,42406
884,42406
885,42406
886,42406
887,42406
888,42406
889,42406
890,42406
891,42406
892,42406
893,42406
894,42406
895,42406
896,42406
897,42406
898,42406
899,42406
900,42406
901,42406
902,42406
903,42406
904,42406
905,42406
906,42406
907,42406
908,42406
909,42406
910,42406
911,42406
912,42406
913,42406
914,42406
915,42406
916,42406
917,42406
918,42406
919,42406
920,42406
921,42406
922,42406
923,42406
924,42406
925,42406
926,42406
927,42406
928,42406
929,42406
930,42406
931,42406
932,42406
933,42406
934,42406
935,42406
936,42406
937,42406
938,42406
939,42406
940,42406
941,42406
942,42406
943,42406
944,42406
945,42406
946,42406
947,42406
948,42406
949,42406
950,42406
951,42406
952,42406
953,42406
954,42406
955,42406
956,42406
957,42406
958,42406
959,42406
960,42406
961,42406
962,42406
963,42406
964,42406
965,42406
966,42406
967,42406
968,42406
969,42406
970,42406
971,42406
972,42406
973,42406
974,42406
975,42406
976,42406
977,42406
978,42406
979,42406
980,42406
981,42406
982,42406
983,42406
984,42406
985,42406
986,42406
987,42406
988,42406
989,42406
990,42406
991,42406
992,42406
993,42406
994,42406
995,42406
996,42406
997,42406
998,42406
999,42406
