,0
0,38788
1,39193
2,39274
3,39265
4,39139
5,39094
6,38995
7,39103
8,39004
9,39382
10,39310
11,39292
12,39319
13,38968
14,39067
15,39283
16,39067
17,38959
18,39535
19,39274
20,38923
21,39382
22,39148
23,39382
24,39391
25,39103
26,39031
27,39400
28,39202
29,38824
30,38995
31,39256
32,39121
33,38995
34,39157
35,38995
36,39130
37,39112
38,39184
39,39265
40,39202
41,38923
42,38986
43,39166
44,38905
45,39238
46,39022
47,39310
48,39391
49,39463
50,39067
51,39121
52,39319
53,39355
54,39265
55,39058
56,39274
57,39202
58,39103
59,39310
60,39121
61,39103
62,39085
63,39184
64,39094
65,39400
66,39175
67,39283
68,38977
69,39328
70,39202
71,39265
72,39040
73,39229
74,39427
75,39193
76,39130
77,39076
78,39382
79,39265
80,39193
81,39400
82,39301
83,39328
84,39175
85,39328
86,39229
87,39157
88,39364
89,38887
90,39364
91,39121
92,39265
93,39382
94,39184
95,38932
96,39265
97,39229
98,39220
99,39049
100,38860
101,39112
102,39346
103,39337
104,38986
105,39436
106,39157
107,39373
108,39454
109,39040
110,38986
111,39085
112,39229
113,39040
114,39247
115,39220
116,39013
117,39238
118,38986
119,39202
120,38914
121,39202
122,39085
123,39148
124,39247
125,39310
126,39211
127,38860
128,39193
129,39094
130,39202
131,38905
132,38968
133,39337
134,39004
135,39391
136,39274
137,39202
138,39328
139,39328
140,39382
141,39184
142,39355
143,39247
144,39499
145,39004
146,39220
147,39175
148,39211
149,39400
150,39265
151,39094
152,39067
153,39373
154,39013
155,39085
156,38950
157,39265
158,39274
159,39175
160,39328
161,39121
162,39121
163,39076
164,39382
165,39139
166,39337
167,39175
168,39202
169,39382
170,39544
171,39256
172,38932
173,39166
174,39175
175,38986
176,39103
177,39184
178,39292
179,39067
180,39256
181,39247
182,39085
183,39085
184,39355
185,39193
186,39130
187,39085
188,39247
189,39346
190,39400
191,39112
192,39301
193,39130
194,39373
195,39175
196,39292
197,39130
198,39238
199,39229
200,39031
201,39022
202,39184
203,39265
204,39247
205,39175
206,39274
207,38896
208,38977
209,39103
210,39040
211,38995
212,39139
213,39301
214,39211
215,39220
216,39292
217,39247
218,39148
219,39094
220,39274
221,39094
222,39472
223,39265
224,38986
225,38806
226,39256
227,39004
228,38950
229,39166
230,38986
231,39391
232,39193
233,39571
234,39310
235,39184
236,39202
237,39346
238,39058
239,38941
240,39328
241,39337
242,39049
243,39202
244,39229
245,39310
246,39175
247,39148
248,39445
249,39247
250,39292
251,39067
252,39229
253,38878
254,39256
255,39283
256,39193
257,39031
258,39058
259,39238
260,39256
261,38968
262,39229
263,38959
264,38851
265,38959
266,39265
267,39454
268,39040
269,39274
270,39382
271,38977
272,39157
273,39364
274,39328
275,39094
276,39382
277,39130
278,39193
279,39130
280,39364
281,38941
282,39418
283,39301
284,39031
285,39031
286,39400
287,39121
288,39301
289,39157
290,39319
291,39463
292,39166
293,39166
294,39400
295,39112
296,39121
297,39229
298,39103
299,39166
300,39553
301,39247
302,39292
303,39319
304,39436
305,39274
306,39319
307,39175
308,38986
309,39220
310,39130
311,39247
312,39067
313,39193
314,39139
315,39040
316,39247
317,39166
318,38887
319,38950
320,39193
321,39454
322,38995
323,39049
324,39211
325,39319
326,39454
327,39076
328,38833
329,39265
330,39355
331,39103
332,39031
333,39310
334,39166
335,39148
336,39292
337,39274
338,39364
339,39040
340,39049
341,39346
342,39058
343,38842
344,39382
345,39283
346,39265
347,39094
348,39148
349,38986
350,39355
351,38950
352,39373
353,39274
354,39346
355,39175
356,39472
357,39067
358,39157
359,38824
360,39292
361,39283
362,39409
363,39337
364,39175
365,39112
366,39202
367,39013
368,39139
369,39166
370,39112
371,39301
372,39202
373,39157
374,39085
375,39157
376,39472
377,39193
378,38914
379,39157
380,39139
381,39373
382,39274
383,39301
384,39328
385,39121
386,38932
387,39427
388,39337
389,39454
390,39373
391,39337
392,39247
393,39274
394,39175
395,39067
396,39166
397,39211
398,38905
399,39373
400,39310
401,39247
402,39085
403,39328
404,39175
405,39292
406,38968
407,39355
408,39202
409,39193
410,39364
411,39319
412,39067
413,39103
414,39337
415,39202
416,39130
417,39472
418,39517
419,39193
420,38887
421,39004
422,39274
423,39166
424,39256
425,39067
426,39247
427,38950
428,39013
429,39058
430,39094
431,39427
432,39121
433,39031
434,39184
435,39040
436,39076
437,39031
438,39004
439,39193
440,39130
441,39382
442,39193
443,38923
444,39067
445,39031
446,39256
447,39229
448,39130
449,39283
450,39139
451,39193
452,39022
453,39121
454,38923
455,39328
456,39076
457,39157
458,39112
459,39346
460,39013
461,39265
462,39220
463,39346
464,38986
465,39175
466,38932
467,39193
468,39364
469,39157
470,39220
471,39328
472,38896
473,39364
474,39175
475,39175
476,39355
477,39148
478,38815
479,38878
480,39022
481,39094
482,39166
483,39103
484,39454
485,39022
486,39247
487,39229
488,38959
489,39328
490,39175
491,39067
492,39157
493,39409
494,39418
495,39175
496,39265
497,39211
498,39274
499,39184
500,39211
501,39103
502,39364
503,39184
504,39184
505,39058
506,39418
507,39139
508,39004
509,39175
510,39562
511,38986
512,39193
513,38959
514,39229
515,39247
516,39157
517,39076
518,38932
519,39382
520,39445
521,39319
522,39247
523,39148
524,39301
525,39112
526,39094
527,39040
528,39031
529,39130
530,39346
531,39229
532,38950
533,39391
534,38977
535,39166
536,39148
537,39157
538,39094
539,39139
540,38896
541,39454
542,38995
543,39040
544,39193
545,39292
546,39229
547,39400
548,39112
549,38905
550,39310
551,38887
552,38905
553,39031
554,39058
555,39553
556,39004
557,39247
558,39067
559,39202
560,39445
561,39049
562,39508
563,39328
564,39112
565,39328
566,39256
567,39076
568,39337
569,39112
570,39427
571,39364
572,39238
573,39310
574,39166
575,39445
576,39202
577,39139
578,39157
579,39094
580,38995
581,39040
582,39193
583,39283
584,39148
585,39310
586,39193
587,39049
588,38959
589,39265
590,39445
591,39355
592,39310
593,39085
594,38995
595,39184
596,38959
597,39310
598,39103
599,39355
600,39283
601,39184
602,39067
603,39292
604,39130
605,39058
606,39391
607,39274
608,39310
609,38968
610,39220
611,39382
612,39355
613,39355
614,39139
615,39022
616,39040
617,39130
618,38914
619,38941
620,39418
621,39400
622,39157
623,39184
624,39157
625,39454
626,39301
627,39022
628,39229
629,39418
630,39202
631,39031
632,39058
633,39247
634,39175
635,39481
636,39103
637,39193
638,39274
639,39265
640,39364
641,39166
642,38914
643,39274
644,39391
645,39400
646,39076
647,39436
648,39283
649,38806
650,39301
651,39238
652,39265
653,39076
654,39166
655,39121
656,39013
657,39031
658,38923
659,39454
660,39364
661,39013
662,39094
663,39256
664,39355
665,39040
666,39292
667,39238
668,39220
669,39364
670,39103
671,38842
672,38995
673,39427
674,39013
675,39328
676,39040
677,38959
678,39580
679,39211
680,39220
681,39112
682,38941
683,39175
684,39004
685,39319
686,39571
687,39157
688,39283
689,38932
690,38878
691,39382
692,39229
693,39382
694,38887
695,38995
696,39058
697,39265
698,38932
699,39193
700,39364
701,39220
702,39175
703,39184
704,39238
705,39256
706,39337
707,39256
708,39364
709,39265
710,39238
711,39355
712,39337
713,39085
714,39490
715,39211
716,39229
717,39238
718,39355
719,39337
720,39175
721,39229
722,39202
723,39400
724,39157
725,39166
726,39229
727,39310
728,39256
729,39301
730,39166
731,38968
732,39364
733,39166
734,39220
735,39211
736,39418
737,39382
738,39310
739,39130
740,39040
741,39256
742,39103
743,39283
744,39184
745,39427
746,39193
747,38887
748,39022
749,39364
750,39283
751,39202
752,38761
753,39130
754,39004
755,39040
756,39139
757,39355
758,39121
759,39148
760,39139
761,39274
762,39094
763,39166
764,39373
765,38977
766,39265
767,39265
768,38950
769,39238
770,39121
771,39130
772,39355
773,39067
774,39211
775,39256
776,39193
777,38869
778,39301
779,39004
780,39310
781,39103
782,39319
783,39355
784,39535
785,39193
786,39157
787,39418
788,39472
789,39139
790,39247
791,39400
792,38977
793,39094
794,39139
795,39274
796,38995
797,39301
798,38977
799,39400
800,38932
801,39247
802,39229
803,39238
804,39238
805,38824
806,39166
807,39112
808,39256
809,38968
810,39310
811,38914
812,39445
813,39139
814,39346
815,39346
816,39211
817,39211
818,39130
819,39121
820,39256
821,38977
822,39382
823,39247
824,38968
825,39346
826,38941
827,39085
828,39391
829,39355
830,39130
831,39256
832,39436
833,39553
834,38986
835,39418
836,39202
837,39103
838,39013
839,39310
840,39355
841,39427
842,39292
843,39067
844,39157
845,39139
846,39058
847,39130
848,38896
849,39256
850,39283
851,38941
852,39139
853,39229
854,39463
855,39229
856,39292
857,39157
858,39391
859,39445
860,39229
861,39409
862,39148
863,39292
864,39310
865,39049
866,39229
867,39346
868,39193
869,39139
870,39238
871,38986
872,38995
873,39076
874,39148
875,39301
876,39157
877,39211
878,39076
879,39301
880,39031
881,39202
882,39220
883,39166
884,39310
885,39049
886,39382
887,39391
888,39148
889,39229
890,39238
891,39166
892,39202
893,38986
894,39031
895,38833
896,39103
897,39337
898,39328
899,39211
900,39238
901,38995
902,39229
903,39562
904,39202
905,38977
906,39031
907,39247
908,39292
909,39094
910,39247
911,38833
912,39193
913,39049
914,39301
915,39508
916,38959
917,39112
918,39121
919,39184
920,39166
921,39094
922,39355
923,39112
924,39058
925,39112
926,39166
927,39508
928,39094
929,39013
930,39094
931,39256
932,39211
933,39346
934,39256
935,39112
936,39085
937,39247
938,38869
939,39346
940,38815
941,39256
942,38968
943,39040
944,39238
945,38887
946,38959
947,38977
948,39274
949,39346
950,39256
951,39472
952,39265
953,38806
954,39301
955,39400
956,39220
957,39625
958,39058
959,39130
960,39013
961,39211
962,39319
963,39436
964,39427
965,39121
966,39346
967,38995
968,39175
969,39184
970,39346
971,39373
972,39220
973,39328
974,39049
975,39382
976,39139
977,39301
978,39319
979,39148
980,39112
981,39004
982,38905
983,38860
984,39382
985,39121
986,39148
987,39283
988,39193
989,38923
990,39166
991,38833
992,39202
993,39049
994,39346
995,39292
996,39409
997,39256
998,39400
999,39256
