,0
0,48409
1,51343
2,49678
3,49885
4,50092
5,49219
6,50533
7,51316
8,51325
9,49606
10,50515
11,48769
12,50506
13,49858
14,50542
15,50191
16,51451
17,51460
18,51442
19,50740
20,49822
21,50326
22,51487
23,51379
24,50686
25,50461
26,50632
27,48562
28,48949
29,52189
30,50938
31,50299
32,49408
33,51514
34,48751
35,49516
36,49795
37,49543
38,51496
39,49345
40,50173
41,51946
42,51397
43,50623
44,52585
45,48472
46,48580
47,52864
48,49498
49,49507
50,50344
51,51343
52,49489
53,48661
54,52342
55,49696
56,47788
57,48868
58,49273
59,50668
60,50884
61,49993
62,52027
63,49381
64,49651
65,48967
66,53368
67,49255
68,49894
69,50677
70,50812
71,50506
72,49786
73,49129
74,52288
75,49957
76,50605
77,50425
78,49318
79,50236
80,49606
81,48103
82,50389
83,49363
84,49714
85,51199
86,49723
87,50767
88,48580
89,50605
90,51073
91,49903
92,49624
93,51262
94,50065
95,50479
96,51397
97,50200
98,49732
99,50839
100,52270
101,49561
102,48805
103,49768
104,51001
105,48940
106,50092
107,49804
108,50938
109,50281
110,48994
111,49399
112,48292
113,49669
114,49039
115,49219
116,48751
117,49795
118,51028
119,51793
120,52135
121,48337
122,49732
123,49039
124,49840
125,50488
126,50812
127,50425
128,50074
129,52171
130,48265
131,49327
132,51505
133,49660
134,50101
135,48679
136,49975
137,50488
138,50281
139,50506
140,49966
141,51289
142,49786
143,49363
144,51856
145,49939
146,51109
147,49813
148,50983
149,48949
150,50002
151,48562
152,49669
153,50551
154,50227
155,51928
156,50794
157,50812
158,48634
159,49111
160,49723
161,48409
162,50434
163,49390
164,48859
165,50020
166,50605
167,50551
168,50290
169,51361
170,48877
171,48175
172,51388
173,51127
174,50542
175,49696
176,49552
177,47914
178,48661
179,49669
180,49183
181,50038
182,50218
183,51928
184,50794
185,50470
186,48526
187,50731
188,49705
189,49318
190,51262
191,50011
192,49867
193,48742
194,48247
195,51370
196,49921
197,51010
198,48841
199,50065
200,50299
201,48076
202,48688
203,49426
204,49615
205,50632
206,50074
207,49795
208,49561
209,50191
210,48580
211,49894
212,50209
213,48922
214,51874
215,51469
216,49399
217,51343
218,50092
219,49921
220,49471
221,49201
222,49318
223,49255
224,49435
225,48886
226,49471
227,51388
228,49264
229,50893
230,50956
231,47032
232,50425
233,49498
234,45934
235,48418
236,49129
237,50668
238,49642
239,47698
240,49354
241,48994
242,50137
243,51964
244,48922
245,50047
246,50083
247,50281
248,48283
249,49462
250,50227
251,51415
252,49912
253,49633
254,49246
255,50488
256,50668
257,49732
258,51325
259,50002
260,47779
261,49579
262,50794
263,49156
264,49570
265,49048
266,50389
267,50146
268,49993
269,49516
270,48175
271,47644
272,50398
273,48814
274,49228
275,48391
276,49975
277,48103
278,50641
279,51316
280,48877
281,49993
282,49570
283,48418
284,49327
285,50578
286,51262
287,49777
288,48940
289,49660
290,51514
291,48013
292,49876
293,49813
294,51217
295,48634
296,49615
297,50218
298,51091
299,49696
300,49615
301,49651
302,49966
303,50506
304,49489
305,48940
306,50398
307,49516
308,51082
309,49597
310,50119
311,50092
312,47203
313,51514
314,50677
315,50551
316,50974
317,51028
318,49363
319,49669
320,51118
321,51046
322,49273
323,48805
324,49885
325,51406
326,49903
327,49192
328,50227
329,50713
330,50128
331,47446
332,49525
333,49111
334,49750
335,49003
336,49147
337,49381
338,49453
339,51235
340,49939
341,48967
342,49507
343,49975
344,51154
345,49480
346,50128
347,50497
348,50740
349,50038
350,49066
351,49426
352,49750
353,48589
354,50056
355,50812
356,48481
357,50875
358,50677
359,51739
360,49543
361,49831
362,49606
363,51505
364,51532
365,48463
366,50965
367,49885
368,50254
369,49507
370,50704
371,48445
372,51550
373,50209
374,49291
375,49966
376,51550
377,49345
378,49642
379,50461
380,48724
381,49111
382,49219
383,50713
384,49750
385,50515
386,51289
387,49390
388,50641
389,47149
390,49759
391,50227
392,51064
393,51415
394,48148
395,50128
396,50596
397,52333
398,49156
399,49039
400,49048
401,49957
402,49498
403,49219
404,50137
405,48094
406,50695
407,48337
408,48391
409,50911
410,49957
411,48724
412,49642
413,50038
414,48535
415,49228
416,50722
417,50434
418,49939
419,49615
420,50848
421,48112
422,49813
423,50344
424,51712
425,49327
426,48859
427,48724
428,50614
429,49849
430,49417
431,49822
432,47995
433,50425
434,50722
435,50128
436,50119
437,50407
438,48292
439,49408
440,50029
441,50659
442,51325
443,51073
444,52810
445,50443
446,49111
447,51217
448,51181
449,48580
450,49579
451,49840
452,50614
453,48769
454,51379
455,49561
456,50803
457,47590
458,50974
459,48085
460,51757
461,50281
462,50380
463,48409
464,49696
465,50875
466,49831
467,49786
468,46987
469,50902
470,49750
471,49039
472,49201
473,48895
474,48904
475,50128
476,50839
477,50533
478,50497
479,51811
480,50020
481,51505
482,49354
483,49381
484,50767
485,49534
486,48976
487,49228
488,47968
489,48121
490,50497
491,50740
492,50893
493,49021
494,50281
495,49705
496,49678
497,50983
498,51424
499,51856
500,49741
501,50596
502,50974
503,48994
504,49741
505,49381
506,47887
507,49642
508,49768
509,48238
510,49660
511,48490
512,50344
513,49597
514,50821
515,49444
516,50344
517,47419
518,50218
519,50290
520,49057
521,50074
522,50173
523,50578
524,50632
525,51658
526,50641
527,48760
528,48589
529,50002
530,47581
531,50659
532,48418
533,49822
534,50191
535,49957
536,49363
537,49957
538,48724
539,49147
540,51694
541,50389
542,49273
543,50686
544,51064
545,50902
546,51577
547,50434
548,50290
549,49453
550,51865
551,50650
552,51775
553,50848
554,50254
555,49642
556,49759
557,49930
558,50227
559,51397
560,48922
561,50461
562,50245
563,50011
564,50281
565,51325
566,51379
567,50587
568,50416
569,50902
570,48175
571,49732
572,52288
573,50299
574,48904
575,50560
576,48202
577,52009
578,51163
579,50119
580,51289
581,50029
582,50425
583,50875
584,52495
585,48040
586,52324
587,51046
588,52045
589,48814
590,50182
591,51352
592,50065
593,50047
594,48571
595,50011
596,50398
597,50632
598,48265
599,50380
600,49831
601,50884
602,50029
603,49048
604,50767
605,49426
606,50803
607,51532
608,50659
609,50884
610,51901
611,50848
612,51145
613,50272
614,47932
615,50920
616,50497
617,51451
618,50542
619,49561
620,50272
621,48211
622,50731
623,48454
624,49246
625,50173
626,50236
627,49516
628,50956
629,50101
630,48949
631,49804
632,50740
633,50533
634,49651
635,49777
636,49660
637,51397
638,50434
639,49462
640,49678
641,49021
642,48643
643,49579
644,50956
645,50164
646,50281
647,50722
648,50299
649,50947
650,52630
651,50776
652,50137
653,50119
654,50272
655,49480
656,47572
657,50092
658,47968
659,50533
660,49993
661,49975
662,51847
663,51127
664,49822
665,49849
666,48148
667,51649
668,49435
669,50110
670,50749
671,50884
672,52387
673,49399
674,50506
675,49822
676,50317
677,49705
678,49993
679,49156
680,49867
681,49804
682,49588
683,49444
684,50965
685,49930
686,50515
687,50335
688,51064
689,49966
690,52063
691,51514
692,48616
693,51001
694,49759
695,49093
696,49111
697,48526
698,50299
699,48895
700,49813
701,49453
702,50515
703,50740
704,50245
705,48625
706,51379
707,50056
708,50659
709,50542
710,50731
711,49111
712,48832
713,50992
714,50002
715,50929
716,49993
717,50020
718,49777
719,50461
720,49624
721,50038
722,49336
723,49138
724,50749
725,49588
726,48436
727,50407
728,52144
729,50326
730,49192
731,47311
732,50533
733,50101
734,50110
735,50569
736,50254
737,49480
738,49075
739,49732
740,50479
741,50290
742,50209
743,52738
744,49039
745,51559
746,50290
747,49759
748,48256
749,50749
750,50731
751,49633
752,50326
753,51361
754,49687
755,51577
756,52360
757,49183
758,48526
759,49282
760,49120
761,50551
762,50560
763,50362
764,49507
765,49111
766,50101
767,49804
768,51379
769,49867
770,49390
771,50074
772,50245
773,49201
774,48535
775,50146
776,49075
777,49750
778,50668
779,49795
780,48751
781,50875
782,48715
783,49867
784,50065
785,48742
786,49723
787,50488
788,49147
789,49651
790,50821
791,50191
792,49912
793,49669
794,51532
795,49759
796,49354
797,48832
798,50146
799,52099
800,50353
801,49552
802,49066
803,48643
804,49543
805,49732
806,50884
807,50407
808,49570
809,49003
810,52252
811,51064
812,49624
813,49777
814,48589
815,49993
816,49291
817,48931
818,50641
819,51289
820,49552
821,49390
822,50353
823,49345
824,49138
825,48805
826,49165
827,49777
828,50614
829,50542
830,49012
831,51901
832,49624
833,48661
834,49021
835,50092
836,51199
837,50065
838,49750
839,51721
840,49741
841,51100
842,47581
843,49993
844,50416
845,48904
846,50992
847,48796
848,51316
849,51136
850,50623
851,50002
852,51199
853,50173
854,48994
855,49570
856,51901
857,50020
858,48742
859,51901
860,48976
861,50533
862,49813
863,50191
864,50839
865,49552
866,47995
867,50200
868,49615
869,49615
870,49795
871,51379
872,50830
873,48715
874,48805
875,50065
876,50218
877,51235
878,50002
879,51496
880,50803
881,51865
882,51010
883,51820
884,50704
885,49561
886,51244
887,51037
888,50524
889,49795
890,50533
891,48877
892,48580
893,51172
894,49660
895,51577
896,49399
897,49489
898,49705
899,49750
900,48436
901,51874
902,50263
903,49066
904,48850
905,49489
906,49435
907,48175
908,50317
909,49588
910,49903
911,48391
912,49984
913,48067
914,50299
915,49444
916,49237
917,50065
918,51496
919,49615
920,51064
921,47833
922,51451
923,50326
924,49804
925,50821
926,48553
927,51307
928,48616
929,49444
930,50263
931,51442
932,50830
933,49336
934,50290
935,49057
936,50875
937,47923
938,50452
939,50641
940,49444
941,49723
942,50425
943,50488
944,51343
945,49858
946,50515
947,49669
948,48418
949,49777
950,49363
951,48832
952,50713
953,48346
954,48805
955,50911
956,49588
957,48625
958,50263
959,51892
960,49192
961,49291
962,50812
963,51370
964,49093
965,49903
966,51235
967,50641
968,50362
969,50056
970,50677
971,50434
972,51901
973,49471
974,50038
975,50362
976,49408
977,48949
978,50848
979,49012
980,50308
981,51172
982,49957
983,48679
984,50929
985,50560
986,49921
987,51271
988,51199
989,49939
990,49057
991,48436
992,48958
993,50263
994,49525
995,52729
996,51163
997,50335
998,48193
999,51226
